000111100
000011110
100110011
011010001
000101110
101101011
011110101
001111100
101011011
110101111
101110011
110011011
110011011
001101000
100001101
010101011
001010010
010101011
000001010
101101101
011110011
001101100
101010111
011011011
110001111
011101101
111110101
110011011
000011110
100000101
100101011
100111001
101110011
111110111
100010001
111011011
101101101
001001110
010011111
110101011
001100000
101101101
000001100
011001011
010101101
100011001
100101001
010100001
010111111
101100011
000100110
011110011
010011011
110111101
010010101
011110001
110101101
011110101
111100011
010001001
011101011
111011111
001111100
000010000
100111011
001100000
011110011
101011111
011110111
100000101
011101111
001100000
110110111
000110010
111100101
001011100
101111101
000110110
100001011
100100101
010010101
001111100
001110010
110001001
011101101
110001111
001101110
010110001
100111111
010111001
101100011
011000001
000000100
110010101
100111111
011111101
110110111
011010101
111111101
011000101
110001101
110101011
100000001
110001111
111000111
000000100
001110010
010111011
001011100
100000011
000010100
101010101
001110110
001001110
101100001
111001101
111010001
100010111
111010111
001101000
000001010
001000100
111010001
011010111
011010011
100010111
101100011
000011000
100011011
001000100
110000011
001010100
011110011
011000011
010011101
111011011
010110101
100101001
101010011
111111011
010110011
100010111
111101011
101011011
011110001
110001111
100110001
101011101
000010010
011101001
110011011
111011001
000101110
001000010
011000001
001100100
011010111
010110011
110001001
100111001
000000110
001001110
110100101
010101011
010101011
100110111
000011010
101100111
100001001
111000101
111000111
001000000
011101101
000100100
110110111
100010001
010101001
100100011
010111011
100100111
001001000
111110101
101111111
000011010
000110100
110001111
010000001
101010101
111000111
100111001
011010111
110101111
110000101
111010011
101110101
110011001
010010001
110110011
110110011
111001011
001110100
000111110
111100111
010101111
011111001
111111001
111001101
101100001
010000111
111110001
010111101
010011111
111101111
100111111
001011010
011100001
000011110
000100100
011001101
110111001
000110100
111111101
001010000
011110111
101110011
101010111
001111010
011100111
100101101
111000101
111011101
000011000
110000101
011110111
100110011
111001011
111101101
001001100
101011011
101100111
011011011
011010101
111101101
011011001
001001110
001100010
101110101
010101111
110011111
000000110
110010111
000100110
110011111
000111110
101011111
101011111
100101001
001011000
011001101
000000000
101001011
001011000
011011011
000100000
101111101
110110011
100100101
000000110
001011100
101100101
101101001
001010010
100001111
000001100
001100000
000111110
101101001
111100011
000010010
111000101
000100100
011000111
000110010
101000001
101111001
010100101
110011111
011111011
010011001
000110010
111111101
001001110
010110011
111011111
111010101
011110001
001010010
010011011
100000001
000101110
001000110
001111100
010111101
111010001
001101110
011001101
111100001
001010010
001101010
100000111
111100111
010000111
101110111
011100111
110101101
011010101
101110111
011110001
011010011
101001101
011111101
010010001
010100001
011001001
100100111
000111010
001110000
110101011
001111110
100110001
101001001
001101100
110000011
111100111
100110011
000101010
011110111
110010001
100110001
011000111
000001110
110011111
011010001
100100011
010010111
001000000
011111001
000100110
101101001
110010101
011110011
011011011
000001110
001000100
011101001
011100101
101100001
000101010
111011001
100110111
111111101
111001011
000011110
100011111
011001001
111011101
011111001
001101000
110110001
111011101
010101111
000101010
000010100
011100101
100010101
010110011
011101111
110001101
111111011
001000010
100000001
110100001
000010100
111011001
100010111
111100101
100001101
010100111
100011111
100000011
001001000
110000111
111101001
011011001
100001111
010111001
000011110
001101010
011001111
011000001
000110110
010111001
111011001
000110100
100110101
100110101
011010001
101110111
101111111
100111011
010010011
100110011
010101011
001010110
011001011
100011001
000110010
011100111
111101011
100010001
010100101
001111010
110111111
010101011
010000101
100110101
111010001
100010001
000110100
101111001
110100111
101111011
010111011
011001011
000011010
011110111
111010011
101110111
000100100
000000010
000100010
100110101
010001101
111100101
111011111
110011101
101011111
001100000
101011001
101010001
111010001
110111011
100110101
011110101
111000111
110001001
011100101
011110111
011111101
111001101
100100001
101001111
110111101
101101011
111100011
000101000
100111011
001101100
001111100
100100011
010011111
101110011
000100100
010101111
001001010
011010001
001111010
000110010
001110000
110010011
110100011
011011111
100100011
000000010
101110001
011100111
001110000
110100011
001111000
100101011
010000001
011010111
101101011
001000110
101111111
110100101
011111011
110100001
010111001
101101101
111100001
000101010
110001011
001100010
100110001
001010010
101111011
001101100
000010000
001100110
101100001
000101010
000110110
111011011
111001011
011101001
010101101
000101010
111111101
010110011
001001000
001011100
110100101
001110000
010100111
010010001
110011111
100101001
010011111
110000101
100000011
011001111
000010000
101001111
010111011
000110100
011011101
111101111
110100001
110011011
001000000
001000100
110110101
100101111
101000011
010101011
100110001
101001111
110110001
000101110
110100101
100011001
011001011
000111110
111111001
110010101
100111111
100001101
100010101
100101101
101011011
111001011
000101000
110100011
110000101
111000011
101110001
111101011
000001000
001011100
000001010
011101011
101011101
000000000
011111001
100110111
111001101
010011001
111010011
110010001
100010001
100111001
100000001
110000101
111111101
000010010
010110101
100110011
000110110
101110011
001111100
000101000
100101001
001110000
100111001
101110011
001001110
111110101
011110001
000010110
110111011
010000001
101101001
000110100
100010011
010000001
000000100
000010010
110001111
001001000
110001111
011011111
000010100
010001011
010101001
011101111
010101011
001000000
101010011
010111001
111000011
011100011
111110101
100111101
100101011
111101101
100111101
110111001
000010100
000111110
001111110
011011101
110111011
111010001
011001111
011101101
110111111
011001111
011000111
111011011
000000010
100111111
000000110
011111011
110001001
000010000
010010101
000100100
011011111
001100010
011110111
010010001
001101010
101000011
011101111
101011011
001000000
110101001
100110111
001010100
001010110
011000101
111011101
000100000
001100000
001001100
111101101
110101011
011001011
100010001
010000011
010000001
010011011
101000101
110110111
100000001
001101110
011101111
010100101
001011000
011001111
000110110
001011010
100100011
011001101
000110100
001011110
100101011
110110111
001100010
000001010
101011011
110100011
100100101
100010111
100011011
110101101
110000111
011110011
010011011
110001011
000100110
000101010
001110110
001000000
001110100
000100000
010011001
110101011
001011110
100100011
001100000
110001101
000100010
010111111
101100111
000101010
101110101
000000010
011001001
100010101
010001001
000111110
100100101
111100101
001111100
101110011
110110011
011111101
010110001
111011111
110100111
010110001
110010111
011110111
101110101
001010100
110001001
000111010
011000001
011010011
000000000
101011001
111110101
100011101
001010100
011000101
111111101
001101000
000010010
010000111
001111100
010001001
011111101
111010001
001101110
111101001
001100010
000100100
101110111
111001101
001100110
110100111
010010111
001100100
001100110
111101101
000101010
111001111
100010011
111011101
110110011
110010001
111111111
010011101
110010101
001100100
000010010
010110001
100101001
010000011
111100101
101100011
110101111
110010111
111111011
010010011
001110100
111010101
001000000
011011011
110001011
000000100
010001001
101101001
111101011
001001010
100110001
011101111
010111111
000000000
010011111
100010111
110000011
110000101
010010101
010110001
111000011
110111001
010101111
000001100
111100111
001100110
111011101
101101001
000000110
001010010
110011001
000000010
110000011
110101111
011001111
001100100
110000001
001111110
010111001
000010100
010001101
011000101
010100011
011010011
001011000
000000000
110001001
001101100
010100001
111011011
110100101
010010111
001011100
101000001
000100100
001100010
011100011
101101101
100100101
000101010
110011001
110101111
011111011
101101001
100010001
100010011
000110110
011011001
111000111
010011111
001101110
111100011
111100011
001111110
001100110
010010001
110100001
101101111
010110001
100100001
000010000
000011110
000111010
101001111
010100111
000010110
111011011
100001011
000001110
100110011
001100010
000010010
000100000
011101001
110100101
011111111
001110100
110001011
111110101
100111011
110010101
001101100
011001011
001011110
111010001
100000011
011010111
110110111
111111111
011110101
010100111
000100100
111101101
111110011
000100000
101101101
111000011
100000001
110110101
101111001
001111010
000100110
000100010
110101011
110011111
110000011
011110011
110110011
101100111
001000100
011000111
100100111
100011011
000100110
110010111
010001101
110011101
000111000
101111101
011000011
011000101
010010001
111100111
110010011
111001101
000100110
101000001
100010111
111001011
000101100
110101111
101100001
101111001
000110100
000100010
000010000
111001001
001011000
010101011
101111101
010111111
110011001
010010101
100110111
000010100
001101110
111011101
111011111
110010101
110000001
101110001
101001001
011111001
010100101
111011111
010111001
010001101
001010010
110000101
011110011
101101011
010001011
010110111
101110101
100111011
000100010
011001101
010011111
000111000
010111011
010101101
100000001
100111001
100000001
101011011
001001100
010110001
110001101
010010111
101001101
110000101
000000100
111001111
000110010
011100011
100101111
011001101
001001000
110011001
100011101
111101001
011110101
010110011
110011111
000110000
010101001
001010100
111101011
110000101
001100010
010011011
100101111
111101001
010100001
010011001
011110111
100100101
001001000
001100010
000000110
010110111
000111010
111000001
001101010
100001111
100000011
100101011
100110111
111110101
111111001
100100101
011000001
101100111
010110001
000000110
010110001
000101000
100000111
001010100
001111000
100000111
110010011
010010011
110010001
011110111
111000101
001001100
000010000
101100101
101010001
000100010
011100111
111111111
000110000
001001110
111101011
110100111
011111011
111000101
101111101
111011001
010010011
011001001
010011011
100010011
000001100
000011100
101010011
001110010
011101001
101011111
001010010
101010101
011100101
101010111
101100101
101011101
010110011
111010001
111111011
010011101
100100001
000010100
000111000
100110101
100011011
011001001
011010001
010001001
000001110
000101010
100101011
111010001
011001001
101100001
101101111
011000001
101001011
100111011
100001001
111010111
011100001
100000101
101111001
011011011
011110011
101001001
110000001
011111001
000001000
110011111
000110000
111011111
101000101
000011010
000001110
111110111
001111010
110000001
010011001
010001011
010010101
000000010
101011011
100000111
011001101
001111010
001111100
010100111
101000111
100101001
100010001
101001111
100010111
010110001
011010111
100000001
011110101
110011001
110101001
111100001
010001111
001000110
000110000
110111001
001011100
111010101
001100100
011011111
001001010
000111100
000001100
100001001
000100000
001101110
110100001
100101111
011111111
010001011
011101101
111001011
011011111
000011100
101011111
011000001
010000001
110010001
010111001
001110010
000011000
001010010
011111011
101001001
111010101
011010011
010111011
001000000
010100011
011111001
010001111
001000110
100011001
100000011
000011110
000010000
001001010
101001101
010000111
010011101
011010101
001110000
001110100
011101001
100011011
111101111
000101000
101101001
011111111
011100001
000000000
010111111
110010101
011101101
110111101
100000011
000110110
000101000
100100111
111011011
000010110
110101101
001101100
001010010
010010001
110101001
110001001
010001011
111101101
000010000
011111101
011101111
000100010
110001101
110010001
111101111
111000011
000100110
101000111
011101011
111110101
000010100
011011011
000111010
101011011
100110001
010111111
001011010
101111111
100111011
100111111
100101101
111111001
101110001
100000001
111111101
100010111
110111001
011101001
000101000
011101001
100011001
000111100
011000011
011111011
011110001
011000011
100111101
010001001
100010111
000001010
010111001
110001001
010110001
000100110
001001010
010111111
000100100
010011001
000010010
100010001
001000100
010101111
010000101
110010001
100011111
111101111
001001000
101001011
100110001
001100100
100100101
000111000
011100011
011001101
011001001
110110111
000101000
010001001
110000111
100110101
101001111
000100000
101111111
110010001
100010111
101110001
110010011
110101111
100001111
101000101
010011011
100110011
110111001
101000001
010110001
001011110
001000110
011100011
001011010
001000100
000011000
110110011
111101111
010011001
100110001
110100001
101010001
100101111
010001011
100001101
010011101
111100101
100101101
110110111
000010110
100110011
011101011
011011001
011110001
001110100
101011111
100111001
010000011
000110000
011001011
101110011
001011000
001101100
010000101
010011011
110001101
010101001
010100101
010010001
011110011
000100110
011000011
110000001
001000110
011110101
110111001
110101101
100110001
000110000
010110001
011110111
001100110
111010101
011000011
110010001
010101111
000011000
111101001
100010001
101100011
100010011
111110001
111011011
011001111
100011101
111001011
110111101
010111011
100101111
000100010
110010011
001111110
000101100
111110011
010100011
000111000
001100100
101000001
000111010
100101001
110011011
000100100
010011101
110001001
100001011
000101000
100101101
011000011
110111001
000101010
011000111
110100011
110100011
010000101
011010011
101100011
101110011
100100001
111110101
010000011
100110111
001101000
011100001
100011011
000100110
111101101
111110011
111110111
110110101
011010011
101100001
101110011
100000001
011011011
000101010
110001101
111011001
000000110
001110000
000011010
001110010
011001001
111101111
100101111
010011111
110101101
111001001
111000001
010110101
000101110
111100011
110100111
010101111
000000110
010100111
101001111
011010101
000111100
001111110
100101111
011000111
101100111
000010010
000101000
111110001
111101001
011101111
011111001
001000010
111100101
110101011
100011001
111001111
101000111
011100011
101100011
001111110
010011011
100011111
010101101
101001101
001000000
101101111
100010011
100100011
110001101
101111011
000110000
101111001
011101011
011001101
010010001
010001001
110001001
100011001
000110110
110010111
100000101
110011001
011101101
011101011
000011010
001010010
111111101
111001111
100110011
001101100
111010101
101010011
010011101
101101001
110100101
101101001
111001011
101000111
001110000
001010100
000110010
001001100
011110101
111101111
010100101
011010001
110000111
000011000
100111011
011000011
001111000
000011110
001011000
100101101
011001001
111100011
110000101
010000011
101011111
011111111
101100001
111011111
010011001
011011011
101101111
110010111
010111111
010111011
011011111
101101101
000010010
111101101
110010011
110110111
011101001
100000101
000001100
000101010
100011111
110001101
010101111
110110101
010010101
001100110
110001111
111001101
100100101
110111101
010110101
010110011
111111101
111110111
110101011
010011101
010010101
000100000
010111001
101100001
011100001
110101001
001110100
101001011
111000001
001010100
100110101
011011111
011110011
111111011
110110111
101111011
001000000
110000111
011101011
011001011
000010100
001010010
100111011
101100011
100001011
010110001
110010101
010011101
010111101
011011111
110110001
110000011
110011111
111001101
010111011
001001110
000011000
001101110
010000111
111001111
111111001
100100001
101011101
100011011
100011001
000110110
010001101
110011101
010100101
100000001
110000111
011100001
001001100
010110101
100101001
010111001
001010110
100010101
010001101
100100111
001111000
111110001
100010011
011001011
111011011
100111111
111111111
110110001
010111101
100010011
110101111
000011010
110101011
101011101
100011101
010010101
101001001
001011010
100111011
111010001
100011001
111001101
111011011
111100001
110011011
000000100
001010000
010110101
101110101
111111011
110101111
101011111
100110111
101000011
011010001
111010111
001000110
100000001
001010000
010111111
000110000
101101011
110110001
000100110
010010011
110010101
011111101
000010110
100010101
110010101
111100001
100001101
101100011
101101111
001100010
101101111
100101001
111110011
010001001
000110110
010100111
000100000
100100101
101100011
001011000
011001101
010100101
101111011
001000110
101001111
100110101
110001111
110001011
011100101
010001001
001101110
101011101
010011111
001000000
101010011
110011111
000000010
100111011
010111111
000111110
101100111
011001011
100111011
110100011
011000011
001011110
011111011
111101111
001100010
110011011
100010011
111001111
011000011
010101001
111000001
001111100
101000001
010100001
000011010
000001110
010000111
000110100
000011100
101110011
001100000
110100111
100001101
110000011
100110111
100011011
101111111
100010111
000110010
100101111
100000101
111011011
001100110
001011110
110010011
010000001
110101011
111011011
000011110
001110010
100010111
101001111
101111101
010100001
001110110
000011100
111110001
010001001
101010001
101101111
011010111
011100111
001011010
101110101
010001001
101100001
101001011
011001001
010100001
011100011
110010001
110010011
100010001
111100111
010111101
101010011
001010000
101001011
100111011
010100101
111111111
011101101
110001001
001111010
110110101
110001001
111110011
111100111
110000101
100010101
100000111
001001010
001111000
001000110
000000100
100100101
110000111
011001001
100110101
111110111
110111011
001101100
001100000
010011001
000110010
001010010
010100001
111010001
011010111
011010011
011100111
101111111
101111101
001000000
100000001
101000001
100100001
001011010
111011111
011100101
010101011
011000101
100111111
111110001
101010011
011011001
110001111
101101101
010110111
111111001
111010111
111110001
011111111
010010001
110110011
111000101
100001111
110010101
101100001
101110111
011111011
110101111
011101101
111000011
110001011
011101111
101000101
100001101
100000101
010001011
111110111
101101001
101010101
101000111
101011101
010000001
111100101
000100000
101111011
010000111
011000011
001001010
101001011
010000011
001100100
111011001
011111101
011110101
010011111
010011101
001011010
111001001
101100011
110010111
101011101
000011000
000011100
110111011
100100111
101101101
010110111
100110101
001001010
101001001
001111110
001000010
110101001
011111011
011000011
110100011
000100000
101011111
110000001
100100111
111001101
110100011
011110011
110101011
010100101
001000110
101101111
100100101
001000110
011100111
101100011
111101011
110100011
011010011
010001111
010100001
011101011
110000001
011010001
001100000
110100001
010011101
010100111
010110111
001001010
011001011
101001001
110011101
101100011
000000110
101011011
000000110
100110011
011100001
010101111
000101110
001011110
001100010
011000111
110001111
110110011
010101111
010010111
110101011
001100110
011111001
000110110
011110011
011110001
101010111
011000111
111101011
110100001
100010101
001000100
100010101
100011001
000110000
100011101
001110100
001111000
010011001
101011011
100010001
111111001
111110101
111011101
011001101
101000111
001111010
111111001
101110011
111001111
110110101
000001110
010111111
011001111
100110011
010111011
011101001
100010001
010111101
011011001
111001011
111111011
001111110
110100101
000101100
101010101
001100010
100101101
011110011
110010011
011011011
000010100
100111111
110110101
001110000
001000100
010001001
011001011
110010001
100110111
101111101
110111001
000000110
111011101
000111110
011100111
111111001
001011100
100111001
000000010
001111110
000101000
100100011
111010011
111010111
110111101
110100111
010010011
111010001
010100111
001001000
110000011
101110001
101101111
110010111
100100011
110100101
000010000
011001101
100001111
110100111
001100110
101101001
110110011
111110011
011110001
010011001
010000111
010100001
111101101
010111101
110010011
001110110
111111011
101010111
010010001
111101011
111001101
111010111
000111110
001001010
010001001
101111011
000110100
010010011
001010110
111010001
010000011
111111011
110111101
000111100
000011100
110010101
001101010
111000111
110101011
100101001
011000001
000101110
011001111
011010011
111100111
011001011
011100001
010001001
011100111
000010010
110110001
101100001
000001010
100011011
101111001
010010101
011000011
011111101
111110001
011000001
100100011
110001101
000011110
101001101
100010101
101101101
111100101
111111101
010100101
001001110
100101111
010001101
011110111
011111011
010010001
011100001
101101101
000101010
001000110
010010111
001010000
110011001
011111111
110100101
101111101
000100100
010111011
010110001
101000101
100101011
110110011
011001111
101010001
100000011
110000011
000100100
100100111
111100001
100001101
000001110
011001001
110100111
001100010
001110110
111100001
111001001
001110010
110010111
100010101
001100110
100101001
000110100
100010001
010001011
000000000
110101111
111111001
010111001
111001101
000101110
111101001
101001001
111101101
100000011
100101101
100010101
011011001
000110100
001111010
000110100
011010101
011101111
111101111
110100001
001001000
010110001
101010011
101010111
010100101
011111001
101101101
101101001
101101111
100010001
001100000
110100011
001111000
010110011
101001001
111100011
000000000
010010101
001011110
000100100
000100010
110110011
101011101
011100111
100000011
101010111
000100110
100011001
011111111
010001101
011010111
111101001
011011011
111001111
101111011
111110011
110000011
110001011
110101111
110010101
000010000
100100101
101010001
001011110
001110010
001010000
000101000
000011000
101110111
110011011
011100011
001001000
110011111
101110111
010110011
011001101
111100101
000110100
110011001
001111000
101100101
010001111
101101111
011101011
000010010
010110101
001010110
101111001
100000101
111011001
010010011
100010001
100100001
101111001
110000001
011001111
001011000
011101101
111010011
111110001
011000001
001001110
001110100
011011111
110100001
101110011
000110010
000010100
100110001
000110110
010100011
100100001
111010001
100010011
001010000
001111100
010000111
101000111
000001000
001010100
101011011
011001011
011000101
010111011
111001111
101000111
001000100
110110001
110110001
101111101
000000000
111100001
101000001
001011010
000110000
001110100
101110111
001100100
110100101
111000101
011010111
010010011
011111111
111100011
110111001
111011111
101001111
001101000
011011111
011011001
110010011
000011000
101111111
111010111
001000010
000011110
010111111
011110001
011000111
010000101
000011010
001011110
011100011
000000110
100101011
000100100
000111100
000101000
011100011
101100111
101001111
110100001
100000111
011000001
101110101
100000011
010000111
101000111
000101000
100100001
011011111
010001101
011110001
111001101
011110101
111011011
011111011
001001100
100110011
101010001
110010011
001000110
100000101
010000011
000011100
011011011
000101110
010001001
011001011
100011101
100111111
111110001
000100010
011101111
111111001
001011010
000001110
001100110
000100000
001101100
001110110
001101010
101101101
111111111
101010111
000001100
001000010
110011111
101100111
010000101
001010000
100000011
100011011
001101010
001011110
010111001
000001110
100100011
100110111
010010001
000011010
100001001
011010001
101111111
000110100
100110111
010100111
001110110
011100111
001110110
100110101
101010011
100011111
000000100
111110101
010100011
100000101
001010110
110001111
110011101
100101001
101011001
101000101
110111011
010000101
001100100
010010111
110101101
111111101
101000101
111101111
110101111
000001100
001001110
100000101
000001100
100100001
101010101
101000001
000100100
110000111
001000010
001011000
000000010
010011111
010101011
101011001
100101111
110100101
011100101
101011101
011000101
101001001
011001101
000101010
010101011
101100011
110010111
000001010
001110010
110011011
010011111
011010011
001000000
000110100
011111101
000100010
101001111
011100011
100111111
110010001
101001111
011001101
111111001
010101101
111111011
011111111
010101101
011101111
111111011
001101010
001010110
111000011
110011011
011101001
011101001
011111101
110001101
111111001
011011011
100010001
000100110
110111101
101001011
011001011
110011011
111100011
101110001
111110101
000110110
010010011
110101011
000100110
110010111
011010101
010000101
000001000
101011111
101111001
100100011
000111010
101111001
011111101
001001010
101000101
011010101
100011011
111011011
111000001
011100011
010010001
100000011
001101010
010010101
101111011
010001001
110111111
011000101
001110110
010000111
011111101
010110101
011000111
010111001
000101110
011001001
011100001
100001001
010011011
010000011
100000001
100101001
001010010
111001111
001100110
010110101
110011101
011110001
010010111
110100101
101110001
111100001
100011001
010100011
010101111
010001111
001011110
111011001
000001110
110100101
010010111
000001110
010000111
101000001
101100001
001100010
011100111
001110010
110001011
100001011
101111011
111100011
101101101
011001001
001011100
010100001
010010011
101100101
101000001
101111111
010100101
010010111
101011011
000100000
101011111
011000111
000111110
110111101
101010111
100010111
100110011
010110101
011100001
011000011
000101100
000000010
110100111
011001101
011000101
110100101
101111101
101111101
101101101
101011001
011110001
101110001
111011111
001010110
011010011
000000100
100111001
100001101
110001011
001001000
010110111
010011111
101111111
101111111
110100111
101111011
101001101
110111101
011010011
100011101
010110001
111110101
011011111
011111101
111101101
101010101
110011001
101111111
110010111
111100011
001101100
101000001
100011011
100101001
000011110
110101111
111111101
110101101
100101101
101010011
010100101
110011011
000011110
101001011
010100101
101110001
011011111
101110111
100111111
010011001
011001001
100101111
011101001
010100011
101101111
111000101
110101101
110001011
110011011
011010111
001110110
011010111
101011111
010011011
111001101
100111001
101101011
111111101
101000111
000101000
110111001
011000101
010110001
101011001
111000111
111010101
111011111
100001011
111011001
010100111
101101101
001101010
000111100
011101101
101110111
100111001
111100111
001110100
100100111
011100001
011000011
111001101
100001101
011010011
001000010
110110001
101000011
000101100
100111111
111111111
100111001
000011110
001111010
010000101
111011001
000110100
101101011
100011111
000101000
101110011
100101111
010101001
111011001
001100000
001100010
110011101
010011101
100101001
110111011
010000111
010010011
101100011
000010010
010111001
110100101
101100001
010101011
011010001
010010011
010001111
000010000
111000101
001111100
111101111
100111001
000111100
101101011
010111011
110010101
110011111
000100000
001100010
001011000
101111101
100101001
110000101
011101111
010110011
011000101
100001011
000000010
110100111
010000101
010011111
111101001
000101110
001111010
000011000
011010001
010010011
011110001
010101111
011100101
111000001
000001000
100010111
100111111
001110100
110100111
000011000
110010111
010001111
000111100
101000001
101101111
110100101
111100101
001011100
000100110
010001001
001111000
111011011
000000000
101001111
011011001
010110111
111000101
001011110
010100001
110001001
100111011
001110110
101100101
001011000
011001001
111110011
011111001
011111011
110010111
001111110
111111101
011111101
110110011
110100111
000101000
010001011
101010001
111010101
010111001
110001001
001001100
000111110
001011010
110101011
010011001
110101111
000111000
110011011
101101001
101111101
111001001
111100011
011011111
000000010
110010111
001011110
001100000
000001110
111010011
001100000
111010001
000010000
001011110
111110101
011011101
000001010
111100111
100010111
011101101
110110011
110001001
001111110
010010011
110110111
001101100
100100111
001001000
000111100
011000101
000101000
111111101
010011011
100010001
101110001
011011001
010100101
110001001
101011011
010000101
100010001
111100001
010001011
000100000
100011111
110011011
101100101
010000001
000111000
010000101
000001010
111111111
111010111
001011110
001011110
101110111
101111111
010110001
100010001
001110000
011010001
111000101
001010000
111000101
001010000
000011100
110011101
100011001
010010101
010101001
101111111
010111001
101101001
010100011
101101101
100110111
010101111
001111110
100110111
111010011
111011111
100000111
110000001
101101101
000100100
101101101
010100111
010111111
001111000
000010010
010011101
010011011
001001100
100111101
111101001
100001011
111110001
001110100
101010101
011010001
011010001
010000011
110010101
010111111
000100100
110010101
100100111
001100110
001100010
001110000
000101110
011111011
110101011
011101001
110100011
110001001
100000101
001110100
011000111
111000001
110001101
100111001
001011110
010110001
111110111
111001111
110000111
101001001
110111111
100011001
001111100
011010001
110111001
101110001
011001111
010000101
000010100
010011111
110110001
101101111
110011101
101101011
100010111
110000111
010111101
000110010
011111001
111110001
111011111
111110101
010011111
000000010
110000001
110010001
100110101
010000001
110111111
110110001
100011111
011101111
111000101
011110011
000100110
011011111
000100010
100111111
101001111
010110111
110000011
111000011
001001100
010011111
010110101
101010101
100000011
111000101
010011111
001010110
010000111
010010111
101000101
011000001
100000011
011011111
001111000
001011000
110111101
100110001
010000011
010100001
110101111
111011101
110110011
010110011
101011011
001111010
101110111
110101001
011001101
111100111
101001111
110010001
001000100
010100111
111110011
110001011
101110001
101000101
110010101
100011001
011010001
011000101
001000000
101001011
001001000
010111111
001011000
000111110
000000100
101001101
001000010
010100011
010111001
111110101
011001011
001000000
101101011
011111111
001101110
011100111
110000101
100111011
101101001
100111111
101110111
110011101
011000001
111100111
011101101
100110001
100100011
100111101
100110001
010100011
001110110
001110110
101111101
011101001
000100110
010001011
010001011
001011110
100001001
001010110
010111101
111001011
100101011
011101101
000011010
110111011
011001101
100000001
111110111
101101011
010100101
110101011
110100001
100011011
011100111
010000111
100000101
001100110
100100011
000011100
101101001
111000101
000001100
101000111
101010001
010110011
100000101
011111111
100011111
100011111
011111111
011010011
010001111
111000111
010100011
101111011
001011010
000000110
010111011
101110011
101000111
011110111
101110011
100001001
010110001
101111001
100100011
001011000
010011011
000100000
101011011
000011110
001010010
101111111
100100001
010011011
111110001
101011111
110111011
010010111
010000101
100000011
000101010
000010110
011111101
010111011
010100001
001111010
011010101
000100100
100000011
000001110
110001101
100110101
110000101
001010100
001100110
001010110
011011111
111101111
100111011
100100011
101011111
001010000
011111101
010110111
010101001
100100101
101111011
001010010
011010111
110011001
100110101
111110101
111100101
011001111
011000101
111111011
011010001
100100111
010100001
101101111
001001010
000000010
101010011
110111101
111111101
000001100
100111111
000110100
000110000
100000001
001000100
000111000
111110101
011010111
101010111
111101001
101100011
011110111
001001100
010110101
111111001
101001101
010101101
110010101
110010111
001111010
101001001
111100101
010010011
101010101
110001011
100001011
111100001
101000111
001111000
111001001
011110011
111011011
000001100
001010100
110001001
010101011
111111111
100110001
000001100
001011010
011110111
001100110
011100101
000101100
100100011
101100101
001100010
000110010
110000101
100001011
010000001
100010001
010001111
100110001
000011000
101000111
000100000
000011100
110110111
001100100
111001101
011100101
001110100
111001101
110110111
000001010
000110110
101101111
111011111
010011111
001010010
101110111
001101000
110111111
001110000
000101000
011010111
100001111
110101111
011100101
010100011
011011001
000110000
100001011
111000111
010100011
101110111
011100001
011101111
001111010
001100100
111010101
100001111
000000100
001111100
100110011
110011001
110001011
111001111
000001010
011000001
111001101
010100101
001101100
111011001
110001101
011001001
010111001
101111011
101110101
010010111
000000000
001001110
110010011
000000010
111111001
111100001
001111110
110000011
101001001
011010011
011100011
000101010
100001101
111101111
001010100
111101111
011011001
110011111
011001011
000101000
110111001
001010100
111101111
000010010
100111101
111010111
110111101
001110110
001110100
010110111
000000110
110001001
011010101
100101011
110111101
101011111
011101101
100111011
011111011
110111001
001110100
000101100
110010011
011010001
010000011
001101110
010100111
001101000
101000101
101001001
000100110
000110010
100001001
000011110
101111111
100110111
001001100
101000001
100001111
101001101
111101101
000010010
111110011
110010011
100111001
010010101
101100011
001001110
101111111
101001011
011111001
010100101
011101001
101010011
000000010
011110101
101100001
100111111
111100001
111110001
001001100
111010101
011101101
101011001
111100001
010100101
001100010
001101110
010100111
011110101
011111001
111101011
101011001
000101000
001100010
000100100
011110001
011111101
001000000
101101101
111111001
100100001
110010001
000100000
100000111
100100101
001001100
000010010
111000011
010001011
001110000
111101001
001101110
010100001
101101101
111001111
000010100
000011100
111101001
110000101
100000101
111000101
111011011
001110110
010110111
011000001
010011101
100110001
000110010
010011011
010110001
101010001
010111111
001101100
101010001
011101011
001000000
011000111
110111011
011101101
110100011
101011011
010101101
100111011
010011011
000001100
101000011
011110011
110010011
111101111
100110111
100001001
100001001
100111011
010111101
100111011
010110101
100011001
110000101
001011110
110100111
010000001
100000001
110100101
110110111
001011100
010111111
100001111
110010011
110101101
101011111
011010111
011001001
001011110
011110001
010001011
101000001
110100111
110000111
100101101
100100111
111010101
001101000
000110010
000111110
100010011
110000011
100001001
011101111
010111011
000110000
101110101
110010111
101111001
100010101
000100110
110000011
111011101
101101001
110000101
111010111
111001101
100111011
000111100
110111011
000101010
111010111
101000111
110000001
011111111
000111010
001000000
110110101
101011011
001111010
010111101
010110111
001001000
110111001
010111101
010100011
010010111
110100101
111110001
101100101
010101011
100110111
001010010
000111110
010011111
000000000
000101100
101101001
100101101
101100111
100010101
111011001
001000000
111010111
010110101
111111011
100100001
011110101
101000101
101101011
111110111
000101010
111000001
100011011
000100000
011001011
111001101
000110100
111010101
101111101
001001100
010101001
010111111
001000000
010000111
111111111
101010011
000110000
000001000
001011010
100100111
101100011
011110001
010011011
100010001
001111100
101110101
000101000
001111100
100000101
011110001
111010111
010011111
100000001
110100101
011101111
000010100
010111001
011110111
110110001
001111110
110101001
011010011
110001111
011011101
110111101
101011101
000111000
011100111
101101101
001001000
110010111
100000101
011010001
101011011
111000001
111100011
010010001
111011111
110111001
110000001
110100011
011111011
010100101
001010000
110110111
001111110
110110111
100111011
000100010
110100111
010001011
011001001
111001101
011101111
011110111
101110011
010111001
001100110
001000100
111111001
000110110
111110011
010111111
001000100
101101011
011100111
010100011
101010011
111001001
000000010
101110001
011101111
111011011
000100000
000110100
100100001
001001000
110111001
110101101
000000000
100100001
001100000
110111001
011000111
111101001
110111101
010111011
101000001
000000000
001100000
111000111
100110101
001000110
101000011
110010001
000011110
100011001
111101101
110011111
000010110
011111101
111111111
000101010
010011101
111110101
001111110
110011101
100010011
011010001
011100111
111111111
110111001
111001111
000010000
100010001
111010011
101000011
001010000
000000110
010000011
110100111
111011001
000111010
011111101
011000001
111011011
010111011
101101011
110110001
110100101
101010011
011011111
011101101
011011111
111000111
011000001
010101111
010001001
101100101
000110110
100100111
001100000
000001110
100010001
110111101
011010101
011110001
100001011
001010100
111010111
111100101
000111110
111011111
100000101
111001011
010111011
100000111
100000001
011101011
010010001
101011101
000111000
001000110
000101010
111010011
000100110
011110111
100110101
010000001
111011001
011101011
001111100
101000001
001100100
000011010
010010101
000010100
110001111
100001011
001001010
011000001
011110011
000001100
111001001
010001011
001110000
010011011
011000001
000011100
010010001
000000110
001000010
111000001
001001100
111000011
010001101
111001111
001111100
110000101
110010011
101110001
010000001
000111100
010100001
110000011
101110011
010011111
000000100
001000000
110111111
010010101
110011011
011101001
001001110
000100100
011111101
110000101
011111111
011101001
011110111
100101111
111011101
010110001
011010101
101010101
100010101
001010010
000101000
001111100
000111110
100010011
000011110
001000000
011001111
101101111
100010111
111010001
101001011
101001011
111100011
001111010
101011011
001111000
101000101
000011110
101101111
011010111
011011111
000101100
111110001
110011111
111101101
100000101
010001111
011000001
101000111
001100100
101101101
100100001
001101000
010001111
101011001
101000011
001111100
111100101
110010001
010110111
101110011
110000101
010011001
111100101
101110001
010001101
100100111
111100001
010101011
111101001
101011011
000011000
110100011
101110101
111000111
111001101
000101110
010101111
011010101
111011111
110101101
001001000
011011011
100101111
010010101
010101111
101111001
110001101
000010010
001000000
111011101
000111010
100011011
010101101
011110001
110010001
110101101
100000001
110001111
000101110
001010100
010000111
110001001
001001100
100100101
011011011
111100011
101100101
101100001
011000001
011001001
110110111
110110001
010101011
000001000
001100100
100001011
011100001
111011001
111001101
010011001
011011011
100111111
010100111
011000111
110101101
000001000
101001001
011100011
010111101
001001010
101100001
001000100
111001011
101011111
010011101
011011001
101001111
011111001
000011010
110001101
111010111
101111011
011000101
101100001
010000111
100100001
101110111
100111101
010000111
000110100
001001110
110100101
000110110
010111111
110000001
101011001
011101111
011110011
101101011
011100101
000000100
010111001
111001111
011110101
010111111
000101110
101100011
000111010
011001101
000000010
001110100
010100001
001010100
110000111
010000111
001000100
001100000
010000001
010000001
000111110
101110001
101000011
010111101
001100100
011011111
011001111
100111111
000000010
001010010
100001111
110111011
100000111
000010010
010110101
011010111
111111011
100110101
010110011
010011111
000110010
001010010
000011110
001011100
110110011
010011011
110101011
011110001
001110100
101110111
011011111
101000101
110000001
101000001
100111111
010111111
101111001
011010111
010001011
000100110
100001011
110010011
101110001
110001001
000010010
100001101
010111001
000000010
001011010
010110101
110000111
111001111
101000101
010111111
101111111
101110101
011001001
100000011
101000111
101101001
000001010
001111010
110110001
001010110
101001101
110111111
111111011
111111011
110000111
000100100
100010001
001000100
100000101
101100011
010010101
111001001
011110011
100000001
100100101
111101101
010000101
100110111
010010001
100110111
110111111
101001011
010000011
100101011
110011011
101001111
010011011
101011001
000001110
001001000
101101101
110001111
011100101
010000111
100100001
000011000
001110110
101111001
101000101
111100101
011111111
110010111
011000101
111100011
000011000
101000101
011001011
110110001
101100001
100111111
011001011
110010111
110101011
111110001
000011000
011000111
110111101
010101011
011111001
011101101
001110000
010110101
101010111
101100011
110111001
000010100
101111001
101110001
011001111
110100011
111110001
010001011
101100111
011111011
010111011
011111101
111111001
010111111
010010001
100011111
000000000
001001010
011111001
001001100
111001101
010010011
001101100
100010101
101000111
111011111
101110001
000111110
100001111
011101001
110101101
010111111
100111101
101001001
111111001
110010101
000111110
011101111
000010000
101110111
011000111
010001111
001011110
101001111
010011001
110110011
001010110
001001100
110011001
011101011
100100011
100011101
111000001
110001101
000010110
101111111
000110000
000000100
110000001
010110111
001001100
011100111
010111001
010001011
001101100
111110011
110010001
001001010
001111100
000111010
111111101
011011101
000001100
110100011
011110011
100101111
111010101
011001011
000111010
110110011
011000111
101101101
011011111
011011011
010110111
110000001
101111111
110011111
110111011
100101101
101000111
010110101
101010011
100110001
100101011
101111101
001001010
001011000
011101111
010110101
110011011
111001011
101111001
101001101
101100111
010110111
010010111
100110101
111000011
001011010
100001101
110011111
010001101
010100001
001101110
000110010
010110001
001001100
010101001
011001011
010111111
001110010
101010101
101010111
010011001
001100100
100010111
001100100
111001111
010100101
101010011
001000100
101001001
101110101
011111001
011100001
001101010
011010001
101101011
100000101
010101101
100111011
110000011
111001111
101111001
001011110
011101011
101000111
001001100
010100001
001000110
010100001
100001111
001001100
000011010
010011001
111111111
111000011
011000101
010100111
100111001
100110111
111110101
111011001
010110001
000000010
110010101
000110000
110000001
111001101
111011101
001111110
101100001
101001111
111011011
100110101
000101000
110011011
011001001
001100110
001111000
101000101
100110001
101011101
001110100
101100001
111111001
010110111
100110111
011000001
110101011
110111001
001110110
011101101
010010101
111011101
100001001
000010010
111111101
110110001
000101100
101001011
111011001
100001011
100101011
111001111
111111011
101000001
111011111
111000111
110001101
110100001
111110101
110101111
111010111
011100111
001011110
010001111
111011111
101001001
010111111
111001001
010110101
001001000
001111000
110010001
001111010
001000110
010111011
111000111
101101011
000001110
101100111
010011011
101000011
000111000
110101101
101010011
001101100
110110101
111001101
010111011
110010101
010001001
001010000
000010010
111000101
110100001
111110101
111000111
010111001
110101001
001111010
001010100
011011011
001111110
000001010
100110011
001001110
111101111
100010101
101101101
000111010
001101100
000011110
110011011
100001001
110001001
101110001
010011011
000011100
100011111
001000010
101001101
001101110
010001011
001101110
110101111
101001111
101110011
011000111
110010101
101110111
100101011
001110000
100101101
010100101
111101001
101011111
101010011
001011000
011100111
100001101
011010101
100000001
000101110
000001110
010001111
101011011
011100101
101000101
001010010
111001111
110010101
000111100
011110111
011111011
011001101
111101101
010100011
101011101
001100110
110100111
101001011
001011010
100011101
010111101
001011000
101001001
111010011
000110100
110110001
000101110
110111001
001111010
101101011
001111100
001100100
000101110
100111001
001010100
111010111
001100010
100100111
111111111
110001001
010000001
001101010
101100111
001111110
010010111
100001011
001100000
000111110
000001110
111001101
000000000
010101101
010101001
100101011
100010001
110100101
101010011
100010011
100110011
100001101
011001001
001010000
010111111
010100111
101010011
000110100
101010011
000101110
011010001
011100001
011001111
010111011
010000001
000101000
001011110
011100101
010100011
000011110
111100001
010010111
100111011
010001001
000011100
110000001
110101011
101111011
111011001
010100001
111001111
100001111
011101001
110111101
101001101
100111101
010010101
101010011
110011011
100001111
111011111
000000110
110101001
011011001
100110101
110110011
000011010
110010001
111100101
001101100
010100001
011010001
111111001
010101001
111111001
101011011
001011010
110011101
100001111
100011001
011011001
111101101
010111011
101001001
000110110
101011011
111100111
000000100
100010111
101110001
101010111
010001011
000011110
101111001
000011110
110110001
010011011
010000001
101100001
111001101
010011101
111000111
011101111
011110111
100110001
110111111
000010000
011010101
011000101
000011010
110011001
110000111
001101110
001000110
110111011
010010111
000110000
110100111
110101101
110110001
001111010
101111011
111000001
111010011
010101101
111100111
101001101
101000101
000011110
101000001
100100101
000010100
101100011
011111011
111101011
000010100
000000100
000110000
111001111
110101001
001001100
100111111
111011111
111001101
010000101
010010001
010100011
011001011
100000111
000001100
011100001
110000111
101000011
011110111
101011011
011011101
000110000
100110011
000011110
011010111
001001110
000011110
111011101
011010001
111110011
100011011
011010101
001001010
110100001
110011011
011100011
101010101
100010111
011111011
000000100
100110011
010011011
110001111
000101100
110110011
111011101
000001000
111011001
110110011
110101101
100101101
101001011
101111011
011010011
100101101
100100111
110111111
100000001
000011000
000000110
100100111
111111101
011101101
101101001
110000111
000110100
011110101
110110101
000100110
100010001
000111010
100111001
001000000
111111101
110010111
010111111
001011100
010110101
100001011
100101001
000001010
011011011
001111000
000100100
111001111
010110111
011111101
010010101
010001011
000111010
001101100
011000111
001011000
100111001
010100111
111100111
000001110
000011000
001111110
001110100
000101010
110000101
100000001
010100011
010010011
101110001
011100111
100000111
100010101
001011100
001011100
001101000
111010111
100110011
100000001
101111011
001001000
110111101
111111011
110100111
111011011
001101000
010000001
011010011
110110111
110010101
000000110
111010111
101111001
001011000
101001111
000000110
001011110
000111000
110111011
110111001
110111101
000001000
100000101
110100101
111101011
011000011
101100111
100111101
001110010
101001101
001001000
011011101
000010010
101011011
001000110
000000010
000000110
010011001
100011011
000011000
000000010
101100111
011111111
100011101
110110111
110110011
000001100
011011111
010110001
111011011
100001101
000001110
000001110
101101001
011100101
110110101
000010010
101110101
011010101
101101111
110010111
110111001
010011101
011011101
110011111
110100111
101000101
010110001
101100111
001100010
000010110
101000111
101110111
000001010
010011101
000011110
111100011
010111011
001101010
010111001
110100111
101111111
111000001
010100101
100101101
011110001
000111100
010000111
011011001
101011011
001101000
001111110
111100011
100011101
110011111
000111000
010111011
001111010
111100111
001010000
110100101
011011001
011001101
100111111
000110100
000110110
011100101
001100010
110101101
100011001
000010000
111111001
111100111
110100001
101010101
111100101
110011101
000111100
110000101
111000111
110110111
000110000
011110111
110010101
001110110
010111101
100010111
010100111
100010111
011100111
010001111
010011011
011100101
010001111
000000000
000100110
101001111
110101111
101100011
010110111
100111001
010010111
000110110
101111111
000110000
111111101
110010111
111101111
100100111
101001001
011111111
010100101
100000011
001000110
110011101
001101000
101000111
001011010
011111111
010111001
011110011
000000010
110011111
011111101
001111100
110110111
001011000
110110101
111001001
011100001
011011011
011000101
000100100
000010110
111000011
000101010
001111000
001011010
000110110
111111011
111011001
111001111
100010101
101100001
011001101
101111001
011001011
001111110
110010101
011110011
111100101
000100110
111111001
001010010
101100001
011000011
101011011
101000001
001110000
110001101
000110110
111110101
011101011
001110110
101011101
001101010
011101101
000111100
110110011
000010110
000010100
110101011
110001011
010101011
101110011
111010011
011001001
101010111
001010010
001111110
100100101
001011100
000100100
101111111
010100111
100100001
101000001
011111101
010010111
011111101
011010011
010000101
100111101
000001100
100110011
001010000
110000101
000001010
010111111
001011100
001000010
100011101
011101111
110000011
111111011
111000001
000001000
010010101
110001101
001111010
110100011
111100011
100110101
010111101
101100111
110001101
001000110
011010101
000111110
001111010
011010001
000101000
100010011
011011101
000000010
000100010
100001111
011001001
111111001
101010101
111110001
100101101
000001110
100010101
110011101
000011010
101110101
010101111
111001101
100101111
010110001
010101001
101000011
111101111
111111001
010101111
001010000
111010011
100000111
000001000
101011011
001001100
010100011
011101011
111010101
101100101
001111000
011001101
110100001
001011100
100001111
110110011
110101001
011111111
001110100
110110001
010001111
101010011
110001111
001001100
011110101
111000001
011000001
101110101
011011011
110111001
101010001
000001110
000100010
111000111
101010101
001101010
110011111
101010101
111110111
000010000
000111100
011111001
010010011
100100111
000011010
111010111
110001011
101110011
111011111
101110011
000001110
100110101
001101000
111101011
011111101
010010101
001101000
011111011
101001001
101011001
000100000
110010101
100011011
110110011
101101101
111100101
010000111
000110100
000110000
010111001
011111101
101110011
000111100
101010111
110011111
000011000
101000011
001100010
100101101
111010111
111000011
011010011
010101011
111101011
111001101
010000101
111011111
101011011
011100101
100011011
100010011
001000010