000111100
000011110
100110010
011010000
000101110
101101010
011110100
001111100
101011010
110101111
101110010
110011011
110011011
001101000
100001100
010101010
001010010
010101010
000001010
101101100
011110010
001101100
101010110
011011010
110001111
011101100
111110101
110011011
000011110
100000100
100101010
100111000
101110010
111110111
100010000
111011011
101101100
001001110
010011110
110101011
001100000
101101100
000001100
011001010
010101100
100011000
100101000
010100000
010111110
101100010
000100110
011110010
010011010
110111101
010010100
011110000
110101101
011110100
111100011
010001000
011101010
111011111
001111100
000010000
100111010
001100000
011110010
101011110
011110110
100000100
011101110
001100000
110110111
000110010
111100101
001011100
101111100
000110110
100001010
100100100
010010100
001111100
001110010
110001001
011101100
110001111
001101110
010110000
100111110
010111000
101100010
011000000
000000100
110010101
100111110
011111100
110110111
011010100
111111101
011000100
110001101
110101011
100000000
110001111
111000111
000000100
001110010
010111010
001011100
100000010
000010100
101010100
001110110
001001110
101100000
111001101
111010001
100010110
111010111
001101000
000001010
001000100
111010001
011010110
011010010
100010110
101100010
000011000
100011010
001000100
110000011
001010100
011110010
011000010
010011100
111011011
010110100
100101000
101010010
111111011
010110010
100010110
111101011
101011010
011110000
110001111
100110000
101011100
000010010
011101000
110011011
111011001
000101110
001000010
011000000
001100100
011010110
010110010
110001001
100111000
000000110
001001110
110100101
010101010
010101010
100110110
000011010
101100110
100001000
111000101
111000111
001000000
011101100
000100100
110110111
100010000
010101000
100100010
010111010
100100110
001001000
111110101
101111110
000011010
000110100
110001111
010000000
101010100
111000111
100111000
011010110
110101111
110000101
111010011
101110100
110011001
010010000
110110011
110110011
111001011
001110100
000111110
111100111
010101110
011111000
111111001
111001101
101100000
010000110
111110001
010111100
010011110
111101111
100111110
001011010
011100000
000011110
000100100
011001100
110111001
000110100
111111101
001010000
011110110
101110010
101010110
001111010
011100110
100101100
111000101
111011101
000011000
110000101
011110110
100110010
111001011
111101101
001001100
101011010
101100110
011011010
011010100
111101101
011011000
001001110
001100010
101110100
010101110
110011111
000000110
110010111
000100110
110011111
000111110
101011110
101011110
100101000
001011000
011001100
000000000
101001010
001011000
011011010
000100000
101111100
110110011
100100100
000000110
001011100
101100100
101101000
001010010
100001110
000001100
001100000
000111110
101101000
111100011
000010010
111000101
000100100
011000110
000110010
101000000
101111000
010100100
110011111
011111010
010011000
000110010
111111101
001001110
010110010
111011111
111010101
011110000
001010010
010011010
100000000
000101110
001000110
001111100
010111100
111010001
001101110
011001100
111100001
001010010
001101010
100000110
111100111
010000110
101110110
011100110
110101101
011010100
101110110
011110000
011010010
101001100
011111100
010010000
010100000
011001000
100100110
000111010
001110000
110101011
001111110
100110000
101001000
001101100
110000011
111100111
100110010
000101010
011110110
110010001
100110000
011000110
000001110
110011111
011010000
100100010
010010110
001000000
011111000
000100110
101101000
110010101
011110010
011011010
000001110
001000100
011101000
011100100
101100000
000101010
111011001
100110110
111111101
111001011
000011110
100011110
011001000
111011101
011111000
001101000
110110001
111011101
010101110
000101010
000010100
011100100
100010100
010110010
011101110
110001101
111111011
001000010
100000000
110100001
000010100
111011001
100010110
111100101
100001100
010100110
100011110
100000010
001001000
110000111
111101001
011011000
100001110
010111000
000011110
001101010
011001110
011000000
000110110
010111000
111011001
000110100
100110100
100110100
011010000
101110110
101111110
100111010
010010010
100110010
010101010
001010110
011001010
100011000
000110010
011100110
111101011
100010000
010100100
001111010
110111111
010101010
010000100
100110100
111010001
100010000
000110100
101111000
110100111
101111010
010111010
011001010
000011010
011110110
111010011
101110110
000100100
000000010
000100010
100110100
010001100
111100101
111011111
110011101
101011110
001100000
101011000
101010000
111010001
110111011
100110100
011110100
111000111
110001001
011100100
011110110
011111100
111001101
100100000
101001110
110111101
101101010
111100011
000101000
100111010
001101100
001111100
100100010
010011110
101110010
000100100
010101110
001001010
011010000
001111010
000110010
001110000
110010011
110100011
011011110
100100010
000000010
101110000
011100110
001110000
110100011
001111000
100101010
010000000
011010110
101101010
001000110
101111110
110100101
011111010
110100001
010111000
101101100
111100001
000101010
110001011
001100010
100110000
001010010
101111010
001101100
000010000
001100110
101100000
000101010
000110110
111011011
111001011
011101000
010101100
000101010
111111101
010110010
001001000
001011100
110100101
001110000
010100110
010010000
110011111
100101000
010011110
110000101
100000010
011001110
000010000
101001110
010111010
000110100
011011100
111101111
110100001
110011011
001000000
001000100
110110101
100101110
101000010
010101010
100110000
101001110
110110001
000101110
110100101
100011000
011001010
000111110
111111001
110010101
100111110
100001100
100010100
100101100
101011010
111001011
000101000
110100011
110000101
111000011
101110000
111101011
000001000
001011100
000001010
011101010
101011100
000000000
011111000
100110110
111001101
010011000
111010011
110010001
100010000
100111000
100000000
110000101
111111101
000010010
010110100
100110010
000110110
101110010
001111100
000101000
100101000
001110000
100111000
101110010
001001110
111110101
011110000
000010110
110111011
010000000
101101000
000110100
100010010
010000000
000000100
000010010
110001111
001001000
110001111
011011110
000010100
010001010
010101000
011101110
010101010
001000000
101010010
010111000
111000011
011100010
111110101
100111100
100101010
111101101
100111100
110111001
000010100
000111110
001111110
011011100
110111011
111010001
011001110
011101100
110111111
011001110
011000110
111011011
000000010
100111110
000000110
011111010
110001001
000010000
010010100
000100100
011011110
001100010
011110110
010010000
001101010
101000010
011101110
101011010
001000000
110101001
100110110
001010100
001010110
011000100
111011101
000100000
001100000
001001100
111101101
110101011
011001010
100010000
010000010
010000000
010011010
101000100
110110111
100000000
001101110
011101110
010100100
001011000
011001110
000110110
001011010
100100010
011001100
000110100
001011110
100101010
110110111
001100010
000001010
101011010
110100011
100100100
100010110
100011010
110101101
110000111
011110010
010011010
110001011
000100110
000101010
001110110
001000000
001110100
000100000
010011000
110101011
001011110
100100010
001100000
110001101
000100010
010111110
101100110
000101010
101110100
000000010
011001000
100010100
010001000
000111110
100100100
111100101
001111100
101110010
110110011
011111100
010110000
111011111
110100111
010110000
110010111
011110110
101110100
001010100
110001001
000111010
011000000
011010010
000000000
101011000
111110101
100011100
001010100
011000100
111111101
001101000
000010010
010000110
001111100
010001000
011111100
111010001
001101110
111101001
001100010
000100100
101110110
111001101
001100110
110100111
010010110
001100100
001100110
111101101
000101010
111001111
100010010
111011101
110110011
110010001
111111111
010011100
110010101
001100100
000010010
010110000
100101000
010000010
111100101
101100010
110101111
110010111
111111011
010010010
001110100
111010101
001000000
011011010
110001011
000000100
010001000
101101000
111101011
001001010
100110000
011101110
010111110
000000000
010011110
100010110
110000011
110000101
010010100
010110000
111000011
110111001
010101110
000001100
111100111
001100110
111011101
101101000
000000110
001010010
110011001
000000010
110000011
110101111
011001110
001100100
110000001
001111110
010111000
000010100
010001100
011000100
010100010
011010010
001011000
000000000
110001001
001101100
010100000
111011011
110100101
010010110
001011100
101000000
000100100
001100010
011100010
101101100
100100100
000101010
110011001
110101111
011111010
101101000
100010000
100010010
000110110
011011000
111000111
010011110
001101110
111100011
111100011
001111110
001100110
010010000
110100001
101101110
010110000
100100000
000010000
000011110
000111010
101001110
010100110
000010110
111011011
100001010
000001110
100110010
001100010
000010010
000100000
011101000
110100101
011111110
001110100
110001011
111110101
100111010
110010101
001101100
011001010
001011110
111010001
100000010
011010110
110110111
111111111
011110100
010100110
000100100
111101101
111110011
000100000
101101100
111000011
100000000
110110101
101111000
001111010
000100110
000100010
110101011
110011111
110000011
011110010
110110011
101100110
001000100
011000110
100100110
100011010
000100110
110010111
010001100
110011101
000111000
101111100
011000010
011000100
010010000
111100111
110010011
111001101
000100110
101000000
100010110
111001011
000101100
110101111
101100000
101111000
000110100
000100010
000010000
111001001
001011000
010101010
101111100
010111110
110011001
010010100
100110110
000010100
001101110
111011101
111011111
110010101
110000001
101110000
101001000
011111000
010100100
111011111
010111000
010001100
001010010
110000101
011110010
101101010
010001010
010110110
101110100
100111010
000100010
011001100
010011110
000111000
010111010
010101100
100000000
100111000
100000000
101011010
001001100
010110000
110001101
010010110
101001100
110000101
000000100
111001111
000110010
011100010
100101110
011001100
001001000
110011001
100011100
111101001
011110100
010110010
110011111
000110000
010101000
001010100
111101011
110000101
001100010
010011010
100101110
111101001
010100000
010011000
011110110
100100100
001001000
001100010
000000110
010110110
000111010
111000001
001101010
100001110
100000010
100101010
100110110
111110101
111111001
100100100
011000000
101100110
010110000
000000110
010110000
000101000
100000110
001010100
001111000
100000110
110010011
010010010
110010001
011110110
111000101
001001100
000010000
101100100
101010000
000100010
011100110
111111111
000110000
001001110
111101011
110100111
011111010
111000101
101111100
111011001
010010010
011001000
010011010
100010010
000001100
000011100
101010010
001110010
011101000
101011110
001010010
101010100
011100100
101010110
101100100
101011100
010110010
111010001
111111011
010011100
100100000
000010100
000111000
100110100
100011010
011001000
011010000
010001000
000001110
000101010
100101010
111010001
011001000
101100000
101101110
011000000
101001010
100111010
100001000
111010111
011100000
100000100
101111000
011011010
011110010
101001000
110000001
011111000
000001000
110011111
000110000
111011111
101000100
000011010
000001110
111110111
001111010
110000001
010011000
010001010
010010100
000000010
101011010
100000110
011001100
001111010
001111100
010100110
101000110
100101000
100010000
101001110
100010110
010110000
011010110
100000000
011110100
110011001
110101001
111100001
010001110
001000110
000110000
110111001
001011100
111010101
001100100
011011110
001001010
000111100
000001100
100001000
000100000
001101110
110100001
100101110
011111110
010001010
011101100
111001011
011011110
000011100
101011110
011000000
010000000
110010001
010111000
001110010
000011000
001010010
011111010
101001000
111010101
011010010
010111010
001000000
010100010
011111000
010001110
001000110
100011000
100000010
000011110
000010000
001001010
101001100
010000110
010011100
011010100
001110000
001110100
011101000
100011010
111101111
000101000
101101000
011111110
011100000
000000000
010111110
110010101
011101100
110111101
100000010
000110110
000101000
100100110
111011011
000010110
110101101
001101100
001010010
010010000
110101001
110001001
010001010
111101101
000010000
011111100
011101110
000100010
110001101
110010001
111101111
111000011
000100110
101000110
011101010
111110101
000010100
011011010
000111010
101011010
100110000
010111110
001011010
101111110
100111010
100111110
100101100
111111001
101110000
100000000
111111101
100010110
110111001
011101000
000101000
011101000
100011000
000111100
011000010
011111010
011110000
011000010
100111100
010001000
100010110
000001010
010111000
110001001
010110000
000100110
001001010
010111110
000100100
010011000
000010010
100010000
001000100
010101110
010000100
110010001
100011110
111101111
001001000
101001010
100110000
001100100
100100100
000111000
011100010
011001100
011001000
110110111
000101000
010001000
110000111
100110100
101001110
000100000
101111110
110010001
100010110
101110000
110010011
110101111
100001110
101000100
010011010
100110010
110111001
101000000
010110000
001011110
001000110
011100010
001011010
001000100
000011000
110110011
111101111
010011000
100110000
110100001
101010000
100101110
010001010
100001100
010011100
111100101
100101100
110110111
000010110
100110010
011101010
011011000
011110000
001110100
101011110
100111000
010000010
000110000
011001010
101110010
001011000
001101100
010000100
010011010
110001101
010101000
010100100
010010000
011110010
000100110
011000010
110000001
001000110
011110100
110111001
110101101
100110000
000110000
010110000
011110110
001100110
111010101
011000010
110010001
010101110
000011000
111101001
100010000
101100010
100010010
111110001
111011011
011001110
100011100
111001011
110111101
010111010
100101110
000100010
110010011
001111110
000101100
111110011
010100010
000111000
001100100
101000000
000111010
100101000
110011011
000100100
010011100
110001001
100001010
000101000
100101100
011000010
110111001
000101010
011000110
110100011
110100011
010000100
011010010
101100010
101110010
100100000
111110101
010000010
100110110
001101000
011100000
100011010
000100110
111101101
111110011
111110111
110110101
011010010
101100000
101110010
100000000
011011010
000101010
110001101
111011001
000000110
001110000
000011010
001110010
011001000
111101111
100101110
010011110
110101101
111001001
111000001
010110100
000101110
111100011
110100111
010101110
000000110
010100110
101001110
011010100
000111100
001111110
100101110
011000110
101100110
000010010
000101000
111110001
111101001
011101110
011111000
001000010
111100101
110101011
100011000
111001111
101000110
011100010
101100010
001111110
010011010
100011110
010101100
101001100
001000000
101101110
100010010
100100010
110001101
101111010
000110000
101111000
011101010
011001100
010010000
010001000
110001001
100011000
000110110
110010111
100000100
110011001
011101100
011101010
000011010
001010010
111111101
111001111
100110010
001101100
111010101
101010010
010011100
101101000
110100101
101101000
111001011
101000110
001110000
001010100
000110010
001001100
011110100
111101111
010100100
011010000
110000111
000011000
100111010
011000010
001111000
000011110
001011000
100101100
011001000
111100011
110000101
010000010
101011110
011111110
101100000
111011111
010011000
011011010
101101110
110010111
010111110
010111010
011011110
101101100
000010010
111101101
110010011
110110111
011101000
100000100
000001100
000101010
100011110
110001101
010101110
110110101
010010100
001100110
110001111
111001101
100100100
110111101
010110100
010110010
111111101
111110111
110101011
010011100
010010100
000100000
010111000
101100000
011100000
110101001
001110100
101001010
111000001
001010100
100110100
011011110
011110010
111111011
110110111
101111010
001000000
110000111
011101010
011001010
000010100
001010010
100111010
101100010
100001010
010110000
110010101
010011100
010111100
011011110
110110001
110000011
110011111
111001101
010111010
001001110
000011000
001101110
010000110
111001111
111111001
100100000
101011100
100011010
100011000
000110110
010001100
110011101
010100100
100000000
110000111
011100000
001001100
010110100
100101000
010111000
001010110
100010100
010001100
100100110
001111000
111110001
100010010
011001010
111011011
100111110
111111111
110110001
010111100
100010010
110101111
000011010
110101011
101011100
100011100
010010100
101001000
001011010
100111010
111010001
100011000
111001101
111011011
111100001
110011011
000000100
001010000
010110100
101110100
111111011
110101111
101011110
100110110
101000010
011010000
111010111
001000110
100000000
001010000
010111110
000110000
101101010
110110001
000100110
010010010
110010101
011111100
000010110
100010100
110010101
111100001
100001100
101100010
101101110
001100010
101101110
100101000
111110011
010001000
000110110
010100110
000100000
100100100
101100010
001011000
011001100
010100100
101111010
001000110
101001110
100110100
110001111
110001011
011100100
010001000
001101110
101011100
010011110
001000000
101010010
110011111
000000010
100111010
010111110
000111110
101100110
011001010
100111010
110100011
011000010
001011110
011111010
111101111
001100010
110011011
100010010
111001111
011000010
010101000
111000001
001111100
101000000
010100000
000011010
000001110
010000110
000110100
000011100
101110010
001100000
110100111
100001100
110000011
100110110
100011010
101111110
100010110
000110010
100101110
100000100
111011011
001100110
001011110
110010011
010000000
110101011
111011011
000011110
001110010
100010110
101001110
101111100
010100000
001110110
000011100
111110001
010001000
101010000
101101110
011010110
011100110
001011010
101110100
010001000
101100000
101001010
011001000
010100000
011100010
110010001
110010011
100010000
111100111
010111100
101010010
001010000
101001010
100111010
010100100
111111111
011101100
110001001
001111010
110110101
110001001
111110011
111100111
110000101
100010100
100000110
001001010
001111000
001000110
000000100
100100100
110000111
011001000
100110100
111110111
110111011
001101100
001100000
010011000
000110010
001010010
010100000
111010001
011010110
011010010
011100110
101111110
101111100
001000000
100000000
101000000
100100000
001011010
111011111
011100100
010101010
011000100
100111110
111110001
101010010
011011000
110001111
101101100
010110110
111111001
111010111
111110001
011111110
010010000
110110011
111000101
100001110
110010101
101100000
101110110
011111010
110101111
011101100
111000011
110001011
011101110
101000100
100001100
100000100
010001010
111110111
101101000
101010100
101000110
101011100
010000000
111100101
000100000
101111010
010000110
011000010
001001010
101001010
010000010
001100100
111011001
011111100
011110100
010011110
010011100
001011010
111001001
101100010
110010111
101011100
000011000
000011100
110111011
100100110
101101100
010110110
100110100
001001010
101001000
001111110
001000010
110101001
011111010
011000010
110100011
000100000
101011110
110000001
100100110
111001101
110100011
011110010
110101011
010100100
001000110
101101110
100100100
001000110
011100110
101100010
111101011
110100011
011010010
010001110
010100000
011101010
110000001
011010000
001100000
110100001
010011100
010100110
010110110
001001010
011001010
101001000
110011101
101100010
000000110
101011010
000000110
100110010
011100000
010101110
000101110
001011110
001100010
011000110
110001111
110110011
010101110
010010110
110101011
001100110
011111000
000110110
011110010
011110000
101010110
011000110
111101011
110100001
100010100
001000100
100010100
100011000
000110000
100011100
001110100
001111000
010011000
101011010
100010000
111111001
111110101
111011101
011001100
101000110
001111010
111111001
101110010
111001111
110110101
000001110
010111110
011001110
100110010
010111010
011101000
100010000
010111100
011011000
111001011
111111011
001111110
110100101
000101100
101010100
001100010
100101100
011110010
110010011
011011010
000010100
100111110
110110101
001110000
001000100
010001000
011001010
110010001
100110110
101111100
110111001
000000110
111011101
000111110
011100110
111111001
001011100
100111000
000000010
001111110
000101000
100100010
111010011
111010111
110111101
110100111
010010010
111010001
010100110
001001000
110000011
101110000
101101110
110010111
100100010
110100101
000010000
011001100
100001110
110100111
001100110
101101000
110110011
111110011
011110000
010011000
010000110
010100000
111101101
010111100
110010011
001110110
111111011
101010110
010010000
111101011
111001101
111010111
000111110
001001010
010001000
101111010
000110100
010010010
001010110
111010001
010000010
111111011
110111101
000111100
000011100
110010101
001101010
111000111
110101011
100101000
011000000
000101110
011001110
011010010
111100111
011001010
011100000
010001000
011100110
000010010
110110001
101100000
000001010
100011010
101111000
010010100
011000010
011111100
111110001
011000000
100100010
110001101
000011110
101001100
100010100
101101100
111100101
111111101
010100100
001001110
100101110
010001100
011110110
011111010
010010000
011100000
101101100
000101010
001000110
010010110
001010000
110011001
011111110
110100101
101111100
000100100
010111010
010110000
101000100
100101010
110110011
011001110
101010000
100000010
110000011
000100100
100100110
111100001
100001100
000001110
011001000
110100111
001100010
001110110
111100001
111001001
001110010
110010111
100010100
001100110
100101000
000110100
100010000
010001010
000000000
110101111
111111001
010111000
111001101
000101110
111101001
101001000
111101101
100000010
100101100
100010100
011011000
000110100
001111010
000110100
011010100
011101110
111101111
110100001
001001000
010110000
101010010
101010110
010100100
011111000
101101100
101101000
101101110
100010000
001100000
110100011
001111000
010110010
101001000
111100011
000000000
010010100
001011110
000100100
000100010
110110011
101011100
011100110
100000010
101010110
000100110
100011000
011111110
010001100
011010110
111101001
011011010
111001111
101111010
111110011
110000011
110001011
110101111
110010101
000010000
100100100
101010000
001011110
001110010
001010000
000101000
000011000
101110110
110011011
011100010
001001000
110011111
101110110
010110010
011001100
111100101
000110100
110011001
001111000
101100100
010001110
101101110
011101010
000010010
010110100
001010110
101111000
100000100
111011001
010010010
100010000
100100000
101111000
110000001
011001110
001011000
011101100
111010011
111110001
011000000
001001110
001110100
011011110
110100001
101110010
000110010
000010100
100110000
000110110
010100010
100100000
111010001
100010010
001010000
001111100
010000110
101000110
000001000
001010100
101011010
011001010
011000100
010111010
111001111
101000110
001000100
110110001
110110001
101111100
000000000
111100001
101000000
001011010
000110000
001110100
101110110
001100100
110100101
111000101
011010110
010010010
011111110
111100011
110111001
111011111
101001110
001101000
011011110
011011000
110010011
000011000
101111110
111010111
001000010
000011110
010111110
011110000
011000110
010000100
000011010
001011110
011100010
000000110
100101010
000100100
000111100
000101000
011100010
101100110
101001110
110100001
100000110
011000000
101110100
100000010
010000110
101000110
000101000
100100000
011011110
010001100
011110000
111001101
011110100
111011011
011111010
001001100
100110010
101010000
110010011
001000110
100000100
010000010
000011100
011011010
000101110
010001000
011001010
100011100
100111110
111110001
000100010
011101110
111111001
001011010
000001110
001100110
000100000
001101100
001110110
001101010
101101100
111111111
101010110
000001100
001000010
110011111
101100110
010000100
001010000
100000010
100011010
001101010
001011110
010111000
000001110
100100010
100110110
010010000
000011010
100001000
011010000
101111110
000110100
100110110
010100110
001110110
011100110
001110110
100110100
101010010
100011110
000000100
111110101
010100010
100000100
001010110
110001111
110011101
100101000
101011000
101000100
110111011
010000100
001100100
010010110
110101101
111111101
101000100
111101111
110101111
000001100
001001110
100000100
000001100
100100000
101010100
101000000
000100100
110000111
001000010
001011000
000000010
010011110
010101010
101011000
100101110
110100101
011100100
101011100
011000100
101001000
011001100
000101010
010101010
101100010
110010111
000001010
001110010
110011011
010011110
011010010
001000000
000110100
011111100
000100010
101001110
011100010
100111110
110010001
101001110
011001100
111111001
010101100
111111011
011111110
010101100
011101110
111111011
001101010
001010110
111000011
110011011
011101000
011101000
011111100
110001101
111111001
011011010
100010000
000100110
110111101
101001010
011001010
110011011
111100011
101110000
111110101
000110110
010010010
110101011
000100110
110010111
011010100
010000100
000001000
101011110
101111000
100100010
000111010
101111000
011111100
001001010
101000100
011010100
100011010
111011011
111000001
011100010
010010000
100000010
001101010
010010100
101111010
010001000
110111111
011000100
001110110
010000110
011111100
010110100
011000110
010111000
000101110
011001000
011100000
100001000
010011010
010000010
100000000
100101000
001010010
111001111
001100110
010110100
110011101
011110000
010010110
110100101
101110000
111100001
100011000
010100010
010101110
010001110
001011110
111011001
000001110
110100101
010010110
000001110
010000110
101000000
101100000
001100010
011100110
001110010
110001011
100001010
101111010
111100011
101101100
011001000
001011100
010100000
010010010
101100100
101000000
101111110
010100100
010010110
101011010
000100000
101011110
011000110
000111110
110111101
101010110
100010110
100110010
010110100
011100000
011000010
000101100
000000010
110100111
011001100
011000100
110100101
101111100
101111100
101101100
101011000
011110000
101110000
111011111
001010110
011010010
000000100
100111000
100001100
110001011
001001000
010110110
010011110
101111110
101111110
110100111
101111010
101001100
110111101
011010010
100011100
010110000
111110101
011011110
011111100
111101101
101010100
110011001
101111110
110010111
111100011
001101100
101000000
100011010
100101000
000011110
110101111
111111101
110101101
100101100
101010010
010100100
110011011
000011110
101001010
010100100
101110000
011011110
101110110
100111110
010011000
011001000
100101110
011101000
010100010
101101110
111000101
110101101
110001011
110011011
011010110
001110110
011010110
101011110
010011010
111001101
100111000
101101010
111111101
101000110
000101000
110111001
011000100
010110000
101011000
111000111
111010101
111011111
100001010
111011001
010100110
101101100
001101010
000111100
011101100
101110110
100111000
111100111
001110100
100100110
011100000
011000010
111001101
100001100
011010010
001000010
110110001
101000010
000101100
100111110
111111111
100111000
000011110
001111010
010000100
111011001
000110100
101101010
100011110
000101000
101110010
100101110
010101000
111011001
001100000
001100010
110011101
010011100
100101000
110111011
010000110
010010010
101100010
000010010
010111000
110100101
101100000
010101010
011010000
010010010
010001110
000010000
111000101
001111100
111101111
100111000
000111100
101101010
010111010
110010101
110011111
000100000
001100010
001011000
101111100
100101000
110000101
011101110
010110010
011000100
100001010
000000010
110100111
010000100
010011110
111101001
000101110
001111010
000011000
011010000
010010010
011110000
010101110
011100100
111000001
000001000
100010110
100111110
001110100
110100111
000011000
110010111
010001110
000111100
101000000
101101110
110100101
111100101
001011100
000100110
010001000
001111000
111011011
000000000
101001110
011011000
010110110
111000101
001011110
010100000
110001001
100111010
001110110
101100100
001011000
011001000
111110011
011111000
011111010
110010111
001111110
111111101
011111100
110110011
110100111
000101000
010001010
101010000
111010101
010111000
110001001
001001100
000111110
001011010
110101011
010011000
110101111
000111000
110011011
101101000
101111100
111001001
111100011
011011110
000000010
110010111
001011110
001100000
000001110
111010011
001100000
111010001
000010000
001011110
111110101
011011100
000001010
111100111
100010110
011101100
110110011
110001001
001111110
010010010
110110111
001101100
100100110
001001000
000111100
011000100
000101000
111111101
010011010
100010000
101110000
011011000
010100100
110001001
101011010
010000100
100010000
111100001
010001010
000100000
100011110
110011011
101100100
010000000
000111000
010000100
000001010
111111111
111010111
001011110
001011110
101110110
101111110
010110000
100010000
001110000
011010000
111000101
001010000
111000101
001010000
000011100
110011101
100011000
010010100
010101000
101111110
010111000
101101000
010100010
101101100
100110110
010101110
001111110
100110110
111010011
111011111
100000110
110000001
101101100
000100100
101101100
010100110
010111110
001111000
000010010
010011100
010011010
001001100
100111100
111101001
100001010
111110001
001110100
101010100
011010000
011010000
010000010
110010101
010111110
000100100
110010101
100100110
001100110
001100010
001110000
000101110
011111010
110101011
011101000
110100011
110001001
100000100
001110100
011000110
111000001
110001101
100111000
001011110
010110000
111110111
111001111
110000111
101001000
110111111
100011000
001111100
011010000
110111001
101110000
011001110
010000100
000010100
010011110
110110001
101101110
110011101
101101010
100010110
110000111
010111100
000110010
011111000
111110001
111011111
111110101
010011110
000000010
110000001
110010001
100110100
010000000
110111111
110110001
100011110
011101110
111000101
011110010
000100110
011011110
000100010
100111110
101001110
010110110
110000011
111000011
001001100
010011110
010110100
101010100
100000010
111000101
010011110
001010110
010000110
010010110
101000100
011000000
100000010
011011110
001111000
001011000
110111101
100110000
010000010
010100000
110101111
111011101
110110011
010110010
101011010
001111010
101110110
110101001
011001100
111100111
101001110
110010001
001000100
010100110
111110011
110001011
101110000
101000100
110010101
100011000
011010000
011000100
001000000
101001010
001001000
010111110
001011000
000111110
000000100
101001100
001000010
010100010
010111000
111110101
011001010
001000000
101101010
011111110
001101110
011100110
110000101
100111010
101101000
100111110
101110110
110011101
011000000
111100111
011101100
100110000
100100010
100111100
100110000
010100010
001110110
001110110
101111100
011101000
000100110
010001010
010001010
001011110
100001000
001010110
010111100
111001011
100101010
011101100
000011010
110111011
011001100
100000000
111110111
101101010
010100100
110101011
110100001
100011010
011100110
010000110
100000100
001100110
100100010
000011100
101101000
111000101
000001100
101000110
101010000
010110010
100000100
011111110
100011110
100011110
011111110
011010010
010001110
111000111
010100010
101111010
001011010
000000110
010111010
101110010
101000110
011110110
101110010
100001000
010110000
101111000
100100010
001011000
010011010
000100000
101011010
000011110
001010010
101111110
100100000
010011010
111110001
101011110
110111011
010010110
010000100
100000010
000101010
000010110
011111100
010111010
010100000
001111010
011010100
000100100
100000010
000001110
110001101
100110100
110000101
001010100
001100110
001010110
011011110
111101111
100111010
100100010
101011110
001010000
011111100
010110110
010101000
100100100
101111010
001010010
011010110
110011001
100110100
111110101
111100101
011001110
011000100
111111011
011010000
100100110
010100000
101101110
001001010
000000010
101010010
110111101
111111101
000001100
100111110
000110100
000110000
100000000
001000100
000111000
111110101
011010110
101010110
111101001
101100010
011110110
001001100
010110100
111111001
101001100
010101100
110010101
110010111
001111010
101001000
111100101
010010010
101010100
110001011
100001010
111100001
101000110
001111000
111001001
011110010
111011011
000001100
001010100
110001001
010101010
111111111
100110000
000001100
001011010
011110110
001100110
011100100
000101100
100100010
101100100
001100010
000110010
110000101
100001010
010000000
100010000
010001110
100110000
000011000
101000110
000100000
000011100
110110111
001100100
111001101
011100100
001110100
111001101
110110111
000001010
000110110
101101110
111011111
010011110
001010010
101110110
001101000
110111111
001110000
000101000
011010110
100001110
110101111
011100100
010100010
011011000
000110000
100001010
111000111
010100010
101110110
011100000
011101110
001111010
001100100
111010101
100001110
000000100
001111100
100110010
110011001
110001011
111001111
000001010
011000000
111001101
010100100
001101100
111011001
110001101
011001000
010111000
101111010
101110100
010010110
000000000
001001110
110010011
000000010
111111001
111100001
001111110
110000011
101001000
011010010
011100010
000101010
100001100
111101111
001010100
111101111
011011000
110011111
011001010
000101000
110111001
001010100
111101111
000010010
100111100
111010111
110111101
001110110
001110100
010110110
000000110
110001001
011010100
100101010
110111101
101011110
011101100
100111010
011111010
110111001
001110100
000101100
110010011
011010000
010000010
001101110
010100110
001101000
101000100
101001000
000100110
000110010
100001000
000011110
101111110
100110110
001001100
101000000
100001110
101001100
111101101
000010010
111110011
110010011
100111000
010010100
101100010
001001110
101111110
101001010
011111000
010100100
011101000
101010010
000000010
011110100
101100000
100111110
111100001
111110001
001001100
111010101
011101100
101011000
111100001
010100100
001100010
001101110
010100110
011110100
011111000
111101011
101011000
000101000
001100010
000100100
011110000
011111100
001000000
101101100
111111001
100100000
110010001
000100000
100000110
100100100
001001100
000010010
111000011
010001010
001110000
111101001
001101110
010100000
101101100
111001111
000010100
000011100
111101001
110000101
100000100
111000101
111011011
001110110
010110110
011000000
010011100
100110000
000110010
010011010
010110000
101010000
010111110
001101100
101010000
011101010
001000000
011000110
110111011
011101100
110100011
101011010
010101100
100111010
010011010
000001100
101000010
011110010
110010011
111101111
100110110
100001000
100001000
100111010
010111100
100111010
010110100
100011000
110000101
001011110
110100111
010000000
100000000
110100101
110110111
001011100
010111110
100001110
110010011
110101101
101011110
011010110
011001000
001011110
011110000
010001010
101000000
110100111
110000111
100101100
100100110
111010101
001101000
000110010
000111110
100010010
110000011
100001000
011101110
010111010
000110000
101110100
110010111
101111000
100010100
000100110
110000011
111011101
101101000
110000101
111010111
111001101
100111010
000111100
110111011
000101010
111010111
101000110
110000001
011111110
000111010
001000000
110110101
101011010
001111010
010111100
010110110
001001000
110111001
010111100
010100010
010010110
110100101
111110001
101100100
010101010
100110110
001010010
000111110
010011110
000000000
000101100
101101000
100101100
101100110
100010100
111011001
001000000
111010111
010110100
111111011
100100000
011110100
101000100
101101010
111110111
000101010
111000001
100011010
000100000
011001010
111001101
000110100
111010101
101111100
001001100
010101000
010111110
001000000
010000110
111111111
101010010
000110000
000001000
001011010
100100110
101100010
011110000
010011010
100010000
001111100
101110100
000101000
001111100
100000100
011110000
111010111
010011110
100000000
110100101
011101110
000010100
010111000
011110110
110110001
001111110
110101001
011010010
110001111
011011100
110111101
101011100
000111000
011100110
101101100
001001000
110010111
100000100
011010000
101011010
111000001
111100011
010010000
111011111
110111001
110000001
110100011
011111010
010100100
001010000
110110111
001111110
110110111
100111010
000100010
110100111
010001010
011001000
111001101
011101110
011110110
101110010
010111000
001100110
001000100
111111001
000110110
111110011
010111110
001000100
101101010
011100110
010100010
101010010
111001001
000000010
101110000
011101110
111011011
000100000
000110100
100100000
001001000
110111001
110101101
000000000
100100000
001100000
110111001
011000110
111101001
110111101
010111010
101000000
000000000
001100000
111000111
100110100
001000110
101000010
110010001
000011110
100011000
111101101
110011111
000010110
011111100
111111111
000101010
010011100
111110101
001111110
110011101
100010010
011010000
011100110
111111111
110111001
111001111
000010000
100010000
111010011
101000010
001010000
000000110
010000010
110100111
111011001
000111010
011111100
011000000
111011011
010111010
101101010
110110001
110100101
101010010
011011110
011101100
011011110
111000111
011000000
010101110
010001000
101100100
000110110
100100110
001100000
000001110
100010000
110111101
011010100
011110000
100001010
001010100
111010111
111100101
000111110
111011111
100000100
111001011
010111010
100000110
100000000
011101010
010010000
101011100
000111000
001000110
000101010
111010011
000100110
011110110
100110100
010000000
111011001
011101010
001111100
101000000
001100100
000011010
010010100
000010100
110001111
100001010
001001010
011000000
011110010
000001100
111001001
010001010
001110000
010011010
011000000
000011100
010010000
000000110
001000010
111000001
001001100
111000011
010001100
111001111
001111100
110000101
110010011
101110000
010000000
000111100
010100000
110000011
101110010
010011110
000000100
001000000
110111111
010010100
110011011
011101000
001001110
000100100
011111100
110000101
011111110
011101000
011110110
100101110
111011101
010110000
011010100
101010100
100010100
001010010
000101000
001111100
000111110
100010010
000011110
001000000
011001110
101101110
100010110
111010001
101001010
101001010
111100011
001111010
101011010
001111000
101000100
000011110
101101110
011010110
011011110
000101100
111110001
110011111
111101101
100000100
010001110
011000000
101000110
001100100
101101100
100100000
001101000
010001110
101011000
101000010
001111100
111100101
110010001
010110110
101110010
110000101
010011000
111100101
101110000
010001100
100100110
111100001
010101010
111101001
101011010
000011000
110100011
101110100
111000111
111001101
000101110
010101110
011010100
111011111
110101101
001001000
011011010
100101110
010010100
010101110
101111000
110001101
000010010
001000000
111011101
000111010
100011010
010101100
011110000
110010001
110101101
100000000
110001111
000101110
001010100
010000110
110001001
001001100
100100100
011011010
111100011
101100100
101100000
011000000
011001000
110110111
110110001
010101010
000001000
001100100
100001010
011100000
111011001
111001101
010011000
011011010
100111110
010100110
011000110
110101101
000001000
101001000
011100010
010111100
001001010
101100000
001000100
111001011
101011110
010011100
011011000
101001110
011111000
000011010
110001101
111010111
101111010
011000100
101100000
010000110
100100000
101110110
100111100
010000110
000110100
001001110
110100101
000110110
010111110
110000001
101011000
011101110
011110010
101101010
011100100
000000100
010111000
111001111
011110100
010111110
000101110
101100010
000111010
011001100
000000010
001110100
010100000
001010100
110000111
010000110
001000100
001100000
010000000
010000000
000111110
101110000
101000010
010111100
001100100
011011110
011001110
100111110
000000010
001010010
100001110
110111011
100000110
000010010
010110100
011010110
111111011
100110100
010110010
010011110
000110010
001010010
000011110
001011100
110110011
010011010
110101011
011110000
001110100
101110110
011011110
101000100
110000001
101000000
100111110
010111110
101111000
011010110
010001010
000100110
100001010
110010011
101110000
110001001
000010010
100001100
010111000
000000010
001011010
010110100
110000111
111001111
101000100
010111110
101111110
101110100
011001000
100000010
101000110
101101000
000001010
001111010
110110001
001010110
101001100
110111111
111111011
111111011
110000111
000100100
100010000
001000100
100000100
101100010
010010100
111001001
011110010
100000000
100100100
111101101
010000100
100110110
010010000
100110110
110111111
101001010
010000010
100101010
110011011
101001110
010011010
101011000
000001110
001001000
101101100
110001111
011100100
010000110
100100000
000011000
001110110
101111000
101000100
111100101
011111110
110010111
011000100
111100011
000011000
101000100
011001010
110110001
101100000
100111110
011001010
110010111
110101011
111110001
000011000
011000110
110111101
010101010
011111000
011101100
001110000
010110100
101010110
101100010
110111001
000010100
101111000
101110000
011001110
110100011
111110001
010001010
101100110
011111010
010111010
011111100
111111001
010111110
010010000
100011110
000000000
001001010
011111000
001001100
111001101
010010010
001101100
100010100
101000110
111011111
101110000
000111110
100001110
011101000
110101101
010111110
100111100
101001000
111111001
110010101
000111110
011101110
000010000
101110110
011000110
010001110
001011110
101001110
010011000
110110011
001010110
001001100
110011001
011101010
100100010
100011100
111000001
110001101
000010110
101111110
000110000
000000100
110000001
010110110
001001100
011100110
010111000
010001010
001101100
111110011
110010001
001001010
001111100
000111010
111111101
011011100
000001100
110100011
011110010
100101110
111010101
011001010
000111010
110110011
011000110
101101100
011011110
011011010
010110110
110000001
101111110
110011111
110111011
100101100
101000110
010110100
101010010
100110000
100101010
101111100
001001010
001011000
011101110
010110100
110011011
111001011
101111000
101001100
101100110
010110110
010010110
100110100
111000011
001011010
100001100
110011111
010001100
010100000
001101110
000110010
010110000
001001100
010101000
011001010
010111110
001110010
101010100
101010110
010011000
001100100
100010110
001100100
111001111
010100100
101010010
001000100
101001000
101110100
011111000
011100000
001101010
011010000
101101010
100000100
010101100
100111010
110000011
111001111
101111000
001011110
011101010
101000110
001001100
010100000
001000110
010100000
100001110
001001100
000011010
010011000
111111111
111000011
011000100
010100110
100111000
100110110
111110101
111011001
010110000
000000010
110010101
000110000
110000001
111001101
111011101
001111110
101100000
101001110
111011011
100110100
000101000
110011011
011001000
001100110
001111000
101000100
100110000
101011100
001110100
101100000
111111001
010110110
100110110
011000000
110101011
110111001
001110110
011101100
010010100
111011101
100001000
000010010
111111101
110110001
000101100
101001010
111011001
100001010
100101010
111001111
111111011
101000000
111011111
111000111
110001101
110100001
111110101
110101111
111010111
011100110
001011110
010001110
111011111
101001000
010111110
111001001
010110100
001001000
001111000
110010001
001111010
001000110
010111010
111000111
101101010
000001110
101100110
010011010
101000010
000111000
110101101
101010010
001101100
110110101
111001101
010111010
110010101
010001000
001010000
000010010
111000101
110100001
111110101
111000111
010111000
110101001
001111010
001010100
011011010
001111110
000001010
100110010
001001110
111101111
100010100
101101100
000111010
001101100
000011110
110011011
100001000
110001001
101110000
010011010
000011100
100011110
001000010
101001100
001101110
010001010
001101110
110101111
101001110
101110010
011000110
110010101
101110110
100101010
001110000
100101100
010100100
111101001
101011110
101010010
001011000
011100110
100001100
011010100
100000000
000101110
000001110
010001110
101011010
011100100
101000100
001010010
111001111
110010101
000111100
011110110
011111010
011001100
111101101
010100010
101011100
001100110
110100111
101001010
001011010
100011100
010111100
001011000
101001000
111010011
000110100
110110001
000101110
110111001
001111010
101101010
001111100
001100100
000101110
100111000
001010100
111010111
001100010
100100110
111111111
110001001
010000000
001101010
101100110
001111110
010010110
100001010
001100000
000111110
000001110
111001101
000000000
010101100
010101000
100101010
100010000
110100101
101010010
100010010
100110010
100001100
011001000
001010000
010111110
010100110
101010010
000110100
101010010
000101110
011010000
011100000
011001110
010111010
010000000
000101000
001011110
011100100
010100010
000011110
111100001
010010110
100111010
010001000
000011100
110000001
110101011
101111010
111011001
010100000
111001111
100001110
011101000
110111101
101001100
100111100
010010100
101010010
110011011
100001110
111011111
000000110
110101001
011011000
100110100
110110011
000011010
110010001
111100101
001101100
010100000
011010000
111111001
010101000
111111001
101011010
001011010
110011101
100001110
100011000
011011000
111101101
010111010
101001000
000110110
101011010
111100111
000000100
100010110
101110000
101010110
010001010
000011110
101111000
000011110
110110001
010011010
010000000
101100000
111001101
010011100
111000111
011101110
011110110
100110000
110111111
000010000
011010100
011000100
000011010
110011001
110000111
001101110
001000110
110111011
010010110
000110000
110100111
110101101
110110001
001111010
101111010
111000001
111010011
010101100
111100111
101001100
101000100
000011110
101000000
100100100
000010100
101100010
011111010
111101011
000010100
000000100
000110000
111001111
110101001
001001100
100111110
111011111
111001101
010000100
010010000
010100010
011001010
100000110
000001100
011100000
110000111
101000010
011110110
101011010
011011100
000110000
100110010
000011110
011010110
001001110
000011110
111011101
011010000
111110011
100011010
011010100
001001010
110100001
110011011
011100010
101010100
100010110
011111010
000000100
100110010
010011010
110001111
000101100
110110011
111011101
000001000
111011001
110110011
110101101
100101100
101001010
101111010
011010010
100101100
100100110
110111111
100000000
000011000
000000110
100100110
111111101
011101100
101101000
110000111
000110100
011110100
110110101
000100110
100010000
000111010
100111000
001000000
111111101
110010111
010111110
001011100
010110100
100001010
100101000
000001010
011011010
001111000
000100100
111001111
010110110
011111100
010010100
010001010
000111010
001101100
011000110
001011000
100111000
010100110
111100111
000001110
000011000
001111110
001110100
000101010
110000101
100000000
010100010
010010010
101110000
011100110
100000110
100010100
001011100
001011100
001101000
111010111
100110010
100000000
101111010
001001000
110111101
111111011
110100111
111011011
001101000
010000000
011010010
110110111
110010101
000000110
111010111
101111000
001011000
101001110
000000110
001011110
000111000
110111011
110111001
110111101
000001000
100000100
110100101
111101011
011000010
101100110
100111100
001110010
101001100
001001000
011011100
000010010
101011010
001000110
000000010
000000110
010011000
100011010
000011000
000000010
101100110
011111110
100011100
110110111
110110011
000001100
011011110
010110000
111011011
100001100
000001110
000001110
101101000
011100100
110110101
000010010
101110100
011010100
101101110
110010111
110111001
010011100
011011100
110011111
110100111
101000100
010110000
101100110
001100010
000010110
101000110
101110110
000001010
010011100
000011110
111100011
010111010
001101010
010111000
110100111
101111110
111000001
010100100
100101100
011110000
000111100
010000110
011011000
101011010
001101000
001111110
111100011
100011100
110011111
000111000
010111010
001111010
111100111
001010000
110100101
011011000
011001100
100111110
000110100
000110110
011100100
001100010
110101101
100011000
000010000
111111001
111100111
110100001
101010100
111100101
110011101
000111100
110000101
111000111
110110111
000110000
011110110
110010101
001110110
010111100
100010110
010100110
100010110
011100110
010001110
010011010
011100100
010001110
000000000
000100110
101001110
110101111
101100010
010110110
100111000
010010110
000110110
101111110
000110000
111111101
110010111
111101111
100100110
101001000
011111110
010100100
100000010
001000110
110011101
001101000
101000110
001011010
011111110
010111000
011110010
000000010
110011111
011111100
001111100
110110111
001011000
110110101
111001001
011100000
011011010
011000100
000100100
000010110
111000011
000101010
001111000
001011010
000110110
111111011
111011001
111001111
100010100
101100000
011001100
101111000
011001010
001111110
110010101
011110010
111100101
000100110
111111001
001010010
101100000
011000010
101011010
101000000
001110000
110001101
000110110
111110101
011101010
001110110
101011100
001101010
011101100
000111100
110110011
000010110
000010100
110101011
110001011
010101010
101110010
111010011
011001000
101010110
001010010
001111110
100100100
001011100
000100100
101111110
010100110
100100000
101000000
011111100
010010110
011111100
011010010
010000100
100111100
000001100
100110010
001010000
110000101
000001010
010111110
001011100
001000010
100011100
011101110
110000011
111111011
111000001
000001000
010010100
110001101
001111010
110100011
111100011
100110100
010111100
101100110
110001101
001000110
011010100
000111110
001111010
011010000
000101000
100010010
011011100
000000010
000100010
100001110
011001000
111111001
101010100
111110001
100101100
000001110
100010100
110011101
000011010
101110100
010101110
111001101
100101110
010110000
010101000
101000010
111101111
111111001
010101110
001010000
111010011
100000110
000001000
101011010
001001100
010100010
011101010
111010101
101100100
001111000
011001100
110100001
001011100
100001110
110110011
110101001
011111110
001110100
110110001
010001110
101010010
110001111
001001100
011110100
111000001
011000000
101110100
011011010
110111001
101010000
000001110
000100010
111000111
101010100
001101010
110011111
101010100
111110111
000010000
000111100
011111000
010010010
100100110
000011010
111010111
110001011
101110010
111011111
101110010
000001110
100110100
001101000
111101011
011111100
010010100
001101000
011111010
101001000
101011000
000100000
110010101
100011010
110110011
101101100
111100101
010000110
000110100
000110000
010111000
011111100
101110010
000111100
101010110
110011111
000011000
101000010
001100010
100101100
111010111
111000011
011010010
010101010
111101011
111001101
010000100
111011111
101011010
011100100
100011010
100010010
001000010